,id,energy,location,vehicle_status,remain_trip_time,destination,dispatched_charging_time,dispatched_serving_time,update_status
0,0,3,0,0,0,0,43,42,1
1,1,0,2,1,0,0,41,43,1
2,2,0,2,1,0,1,41,43,1
3,3,1,0,1,0,0,41,43,1
4,4,3,33,0,0,0,43,42,1
5,5,3,33,0,0,0,43,42,1
6,6,0,1,1,0,3,40,43,1
7,7,3,33,0,0,0,43,42,1
8,8,3,33,0,0,1,43,42,1
9,9,2,18,2,10,1,42,43,1
10,10,0,1,1,0,0,40,43,1
11,11,3,15,0,0,0,43,42,1
12,12,0,1,1,0,1,40,43,1
13,13,0,2,1,0,2,41,43,1
14,14,0,2,1,0,0,41,43,1
15,15,0,2,1,0,1,41,43,1
16,16,3,15,0,0,9,43,42,1
17,17,2,0,1,0,1,42,43,1
18,18,3,15,0,0,1,43,42,1
19,19,0,2,1,0,4,41,43,1
20,20,3,15,0,0,3,43,42,1
21,21,2,1,1,0,0,42,43,1
22,22,0,1,1,0,21,40,43,1
23,23,0,1,1,0,25,40,43,1
24,24,3,20,0,0,4,43,42,1
25,25,0,14,0,0,14,40,41,1
26,26,2,1,1,0,4,42,43,1
27,27,2,1,1,0,4,42,43,1
28,28,0,4,1,0,2,41,43,1
29,29,2,33,2,2,0,42,43,1
30,30,0,4,1,0,1,41,43,1
31,31,1,1,1,0,2,41,43,1
32,32,3,20,0,0,4,43,42,1
33,33,1,1,1,0,14,41,43,1
34,34,1,1,1,0,3,41,43,1
35,35,3,20,0,0,0,43,42,1
36,36,2,1,1,0,1,42,43,1
37,37,3,15,0,0,1,43,42,1
38,38,0,1,1,0,1,40,43,1
39,39,1,33,2,2,0,41,43,1
40,40,2,1,1,0,1,42,43,1
41,41,1,1,1,0,2,41,43,1
42,42,1,3,0,0,3,41,42,1
43,43,3,20,0,0,3,43,42,1
44,44,1,18,2,16,4,42,43,1
45,45,1,18,2,15,5,42,43,1
46,46,1,1,1,0,6,41,43,1
47,47,2,1,1,0,1,42,43,1
48,48,2,1,1,0,26,42,43,1
49,49,3,15,0,0,3,43,42,1
50,50,3,30,0,0,2,43,42,1
51,51,1,2,1,0,3,41,43,1
52,52,1,1,1,0,1,41,43,1
53,53,0,1,1,0,24,40,43,1
54,54,3,30,0,0,33,43,42,1
55,55,3,30,0,0,4,43,41,1
56,56,0,3,1,0,3,40,43,1
57,57,2,2,1,0,1,42,43,1
58,58,0,4,1,0,21,41,43,1
59,59,3,20,0,0,4,43,42,1
60,60,0,3,1,0,0,40,43,1
61,61,0,4,1,0,0,40,43,1
62,62,1,2,0,0,2,41,42,1
63,63,1,1,1,0,0,41,43,1
64,64,2,18,2,15,3,42,43,1
65,65,0,1,1,0,6,41,43,1
66,66,0,1,1,0,7,41,43,1
67,67,2,4,1,0,2,42,43,1
68,68,1,3,1,0,1,41,43,1
69,69,2,26,2,38,2,42,43,1
70,70,2,2,1,0,3,42,43,1
71,71,1,33,2,3,5,41,43,1
72,72,1,4,1,0,3,41,43,1
73,73,3,27,0,0,0,43,42,1
74,74,0,4,1,0,2,40,43,1
75,75,0,4,1,0,3,40,43,1
76,76,1,2,0,0,2,41,42,1
77,77,0,4,1,0,2,40,43,1
78,78,2,5,1,0,4,42,43,1
79,79,1,3,0,0,3,41,42,1
80,80,0,5,1,0,3,41,43,1
81,81,3,20,0,0,11,43,42,1
82,82,2,1,1,0,2,42,43,1
83,83,3,29,0,0,34,43,42,1
84,84,2,4,1,0,4,42,43,1
85,85,0,0,1,0,11,42,43,1
86,86,0,0,1,0,0,40,42,1
87,87,0,5,1,0,0,41,43,1
88,88,1,1,1,0,4,41,43,1
89,89,3,30,0,0,2,43,42,1
90,90,3,20,0,0,1,43,42,1
91,91,0,3,0,0,3,40,42,1
92,92,3,30,0,0,4,43,42,1
93,93,2,15,1,0,1,42,43,1
94,94,2,33,2,22,9,42,43,1
95,95,1,1,1,0,11,42,43,1
96,96,3,29,0,0,2,43,42,1
97,97,1,16,1,0,16,24,43,1
98,98,2,1,1,0,15,38,43,1
99,99,1,1,1,0,4,41,43,1
100,100,1,1,1,0,13,41,43,1
101,101,2,1,1,0,1,42,43,1
102,102,1,1,1,0,1,41,43,1
103,103,1,26,2,14,8,42,43,1
104,104,2,2,1,0,13,42,43,1
105,105,2,26,2,14,3,42,43,1
106,106,0,1,1,0,9,41,43,1
107,107,0,9,0,0,9,40,42,1
108,108,0,10,0,0,10,40,42,1
109,109,0,3,1,0,0,42,43,1
110,110,1,2,1,0,1,41,43,1
111,111,0,3,1,0,3,40,43,1
112,112,2,2,1,0,20,42,43,1
113,113,2,2,1,0,11,42,43,1
114,114,2,0,1,0,1,42,43,1
115,115,3,30,0,0,9,43,42,1
116,116,2,3,1,0,3,42,43,1
117,117,0,4,0,0,4,41,42,1
118,118,0,4,1,0,2,41,43,1
119,119,0,4,1,0,2,41,43,1
120,120,0,3,1,0,3,40,43,1
121,121,3,20,0,0,3,43,42,1
122,122,1,7,1,0,8,41,43,1
123,123,2,1,1,0,10,42,43,1
124,124,1,2,0,0,2,41,42,1
125,125,2,3,1,0,10,42,43,1
126,126,0,8,0,0,8,40,41,1
127,127,1,1,1,0,5,41,43,1
128,128,0,7,1,0,3,40,43,1
129,129,0,9,1,0,3,41,43,1
130,130,1,1,0,0,1,41,42,1
131,131,2,18,2,16,3,42,43,1
132,132,1,16,1,0,16,30,42,1
133,133,0,30,1,0,3,42,43,1
134,134,0,2,1,0,4,42,43,1
135,135,3,0,0,0,1,43,41,1
136,136,0,9,1,0,4,41,43,1
137,137,0,9,1,0,3,41,43,1
138,138,1,26,2,4,8,41,42,1
139,139,2,7,1,0,0,42,43,1
140,140,2,0,1,0,9,42,43,1
141,141,0,10,1,0,3,41,43,1
142,142,2,33,2,5,7,42,43,1
143,143,3,21,0,0,3,43,42,1
144,144,0,16,0,0,16,40,41,1
145,145,2,26,2,14,1,42,43,1
146,146,1,18,2,16,22,42,43,1
147,147,2,2,1,0,21,42,43,1
148,148,3,20,0,0,14,43,42,1
149,149,0,5,1,0,0,41,43,1
150,150,2,1,1,0,1,42,43,1
151,151,3,33,0,0,11,43,42,1
152,152,0,7,1,0,15,41,43,1
153,153,3,20,0,0,4,43,42,1
154,154,2,0,1,0,4,42,43,1
155,155,3,21,0,0,4,43,42,1
156,156,0,11,1,0,1,34,43,1
157,157,3,24,0,0,3,43,42,1
158,158,3,27,0,0,35,43,42,1
159,159,3,27,0,0,3,43,42,1
160,160,1,18,2,10,9,41,43,1
161,161,0,2,1,0,2,40,43,1
162,162,1,4,0,0,4,41,42,1
163,163,3,29,0,0,1,43,42,1
164,164,4,3,0,0,3,40,41,1
165,165,3,30,0,0,5,43,42,1
166,166,2,3,1,0,9,42,43,1
167,167,0,2,1,0,7,40,43,1
168,168,2,1,1,0,15,42,43,1
169,169,2,2,1,0,7,42,43,1
170,170,0,6,1,0,4,41,43,1
171,171,1,1,1,0,2,41,43,1
172,172,3,14,0,0,8,43,40,1
173,173,0,8,1,0,14,42,43,1
174,174,3,21,0,0,14,43,42,1
175,175,2,7,1,0,3,42,43,1
176,176,2,2,1,0,1,42,43,1
177,177,2,1,1,0,1,42,43,1
178,178,0,2,1,0,15,42,43,1
179,179,4,3,0,0,3,40,41,1
180,180,1,2,1,0,9,41,43,1
181,181,0,13,1,0,1,40,43,1
182,182,1,18,2,7,2,42,43,1
183,183,3,21,0,0,3,43,42,1
184,184,1,1,0,0,1,41,42,1
185,185,3,24,0,0,9,43,41,1
186,186,3,21,0,0,3,43,42,1
187,187,1,3,1,0,14,41,43,1
188,188,0,12,1,0,14,40,43,1
189,189,3,29,0,0,2,43,42,1
190,190,2,1,1,0,12,42,43,1
191,191,0,15,1,0,1,37,43,1
192,192,2,2,1,0,1,42,43,1
193,193,2,1,1,0,15,42,43,1
194,194,2,1,1,0,10,42,43,1
195,195,0,4,1,0,4,40,43,1
196,196,2,2,1,0,4,42,43,1
197,197,3,21,0,0,14,43,42,1
198,198,3,14,0,0,17,43,42,1
199,199,3,33,0,0,1,43,42,1
200,200,2,2,1,0,2,42,43,1
201,201,0,4,0,0,4,40,42,1
202,202,3,33,0,0,2,43,41,1
203,203,1,3,1,0,10,41,43,1
204,204,1,7,1,0,3,41,43,1
205,205,1,2,1,0,11,41,43,1
206,206,1,4,0,0,4,41,42,1
207,207,0,7,1,0,10,41,43,1
208,208,2,2,1,0,2,42,43,1
209,209,3,21,0,0,9,43,41,1
210,210,2,26,2,1,3,42,43,1
211,211,2,1,1,0,14,42,43,1
212,212,2,2,1,0,2,42,43,1
213,213,3,18,0,0,11,43,41,1
214,214,0,3,1,0,26,40,43,1
215,215,3,30,0,0,4,43,41,1
216,216,0,4,1,0,13,40,43,1
217,217,0,2,1,0,15,40,43,1
218,218,0,7,1,0,13,41,43,1
219,219,0,2,1,0,2,39,43,1
220,220,3,14,0,0,8,43,42,1
221,221,1,26,2,4,0,41,43,1
222,222,3,0,0,0,13,43,41,1
223,223,2,2,1,0,20,42,43,1
224,224,2,4,1,0,4,42,43,1
225,225,2,2,1,0,1,42,43,1
226,226,0,8,1,0,8,42,43,1
227,227,2,4,1,0,13,42,43,1
228,228,2,4,1,0,4,42,43,1
229,229,0,15,1,0,4,41,43,1
230,230,3,14,0,0,14,43,40,1
231,231,2,4,1,0,4,42,43,1
232,232,3,14,0,0,14,43,41,1
233,233,2,4,1,0,4,42,43,1
234,234,4,3,0,0,3,40,41,1
235,235,3,23,0,0,20,43,42,1
236,236,0,15,1,0,11,41,42,1
237,237,4,3,0,0,3,40,41,1
238,238,2,0,1,0,9,42,43,1
239,239,3,24,0,0,10,43,42,1
240,240,2,18,2,6,1,42,43,1
241,241,3,0,0,0,4,43,41,1
242,242,4,15,0,0,15,40,41,1
243,243,2,9,1,0,10,42,43,1
244,244,0,24,0,0,24,41,42,1
245,245,1,7,1,0,0,41,43,1
246,246,2,13,1,0,7,42,43,1
247,247,0,4,1,0,21,40,43,1
248,248,1,1,0,0,1,37,38,1
249,249,3,24,0,0,21,43,42,1
250,250,3,34,0,0,14,43,42,1
251,251,1,9,1,0,9,41,43,1
252,252,0,33,1,0,11,36,39,1
253,253,0,11,1,0,9,40,43,1
254,254,1,3,0,0,3,41,42,1
255,255,0,13,1,0,13,40,43,1
256,256,1,2,0,0,2,40,41,1
257,257,3,34,0,0,17,43,42,1
258,258,1,4,1,0,4,41,43,1
259,259,0,8,1,0,14,42,43,1
260,260,0,15,1,0,20,41,43,1
261,261,0,15,1,0,9,41,43,1
262,262,3,33,0,0,6,43,42,1
263,263,2,3,1,0,36,42,43,1
264,264,1,1,0,0,1,34,35,1
265,265,0,15,1,0,1,41,43,1
266,266,1,26,2,5,34,42,43,1
267,267,2,33,2,1,4,42,43,1
268,268,2,6,1,0,13,42,43,1
269,269,1,26,2,16,8,41,42,1
270,270,2,26,2,2,9,42,43,1
271,271,2,28,2,11,16,38,42,1
272,272,3,30,0,0,4,43,41,1
273,273,3,24,0,0,3,43,42,1
274,274,1,1,0,0,1,40,41,1
275,275,3,30,0,0,4,43,40,1
276,276,1,1,0,0,1,41,42,1
277,277,2,26,2,4,17,42,43,1
278,278,3,23,0,0,1,43,41,1
279,279,0,15,1,0,15,41,43,1
280,280,1,1,0,0,1,34,35,1
281,281,1,16,2,4,16,33,43,1
282,282,0,23,1,0,21,33,35,1
283,283,2,5,1,0,18,42,43,1
284,284,0,4,1,0,35,41,43,1
285,285,1,2,0,0,2,41,42,1
286,286,2,0,1,0,26,42,43,1
287,287,1,3,0,0,3,41,42,1
288,288,0,34,0,0,34,41,42,1
289,289,0,13,1,0,21,41,42,1
290,290,0,12,1,0,9,41,43,1
291,291,2,9,1,0,14,42,43,1
292,292,0,10,1,0,9,41,43,1
293,293,3,21,0,0,3,43,41,1
294,294,1,26,2,6,8,41,42,1
295,295,0,15,1,0,2,41,43,1
296,296,1,5,1,0,11,41,43,1
297,297,3,17,0,0,17,43,40,1
298,298,1,2,0,0,2,40,41,1
299,299,3,21,0,0,7,43,41,1
300,300,1,26,2,19,0,41,43,1
301,301,1,1,0,0,1,38,39,1
302,302,1,2,0,0,2,34,35,1
303,303,1,18,2,7,9,37,43,1
304,304,0,15,1,0,4,41,43,1
305,305,2,15,1,0,1,42,43,1
306,306,3,34,0,0,8,43,42,1
307,307,0,12,1,0,14,42,43,1
308,308,1,3,1,0,3,41,43,1
309,309,2,3,1,0,14,42,43,1
310,310,0,15,1,0,4,37,43,1
311,311,0,23,1,0,17,41,42,1
312,312,2,26,2,11,14,38,43,1
313,313,2,26,2,19,14,38,43,1
314,314,2,26,2,36,1,42,43,1
315,315,2,13,1,0,9,42,43,1
316,316,1,33,2,1,11,38,43,1
317,317,1,16,1,0,16,20,34,1
318,318,0,12,1,0,17,42,43,1
319,319,2,3,1,0,12,42,43,1
320,320,1,8,0,0,8,38,42,1
321,321,2,26,2,34,2,42,43,1
322,322,2,26,2,11,3,42,43,1
323,323,3,23,0,0,15,43,42,1
324,324,0,33,1,0,29,39,40,1
325,325,3,34,0,0,34,43,41,1
326,326,0,21,1,0,21,41,43,1
327,327,3,23,0,0,15,43,42,1
328,328,0,3,0,0,3,40,41,1
329,329,3,23,0,0,20,43,42,1
330,330,0,21,1,0,34,41,43,1
331,331,1,8,0,0,8,41,42,1
332,332,1,7,0,0,7,41,42,1
333,333,3,24,0,0,26,43,42,1
334,334,0,8,0,0,8,37,41,1
335,335,3,21,0,0,10,43,40,1
336,336,0,14,1,0,8,35,43,1
337,337,3,27,0,0,1,43,42,1
338,338,3,29,0,0,20,43,42,1
339,339,3,23,0,0,18,43,42,1
340,340,2,26,2,13,14,42,43,1
341,341,1,26,0,0,26,33,42,1
342,342,3,15,0,0,35,43,42,1
343,343,2,15,2,0,1,42,43,1
344,344,0,30,1,0,4,36,37,1
345,345,1,4,0,0,4,41,42,1
346,346,3,23,0,0,20,43,40,1
347,347,1,3,1,0,26,41,43,1
348,348,3,24,0,0,14,43,42,1
349,349,1,2,0,0,2,40,41,1
350,350,0,3,1,0,14,41,43,1
351,351,0,21,1,0,22,37,43,1
352,352,0,15,1,0,15,42,43,1
353,353,2,1,1,0,15,42,43,1
354,354,2,18,2,4,1,42,43,1
355,355,2,18,2,1,2,42,43,1
356,356,2,2,1,0,35,42,43,1
357,357,2,26,2,35,5,42,43,1
358,358,1,11,0,0,11,38,42,1
359,359,3,0,0,0,36,43,41,1
360,360,0,3,0,0,3,40,42,1
361,361,0,36,0,0,36,41,42,1
362,362,4,9,0,0,9,40,41,1
363,363,0,23,1,0,20,37,38,1
364,364,3,30,0,0,13,43,41,1
365,365,0,22,1,0,36,42,43,1
366,366,2,2,1,0,20,42,43,1
367,367,3,14,0,0,8,43,40,1
368,368,0,12,1,0,17,42,43,1
369,369,0,4,1,0,2,41,43,1
370,370,1,1,0,0,1,39,40,1
371,371,1,9,0,0,9,41,42,1
372,372,0,16,0,0,16,40,41,1
373,373,3,23,0,0,1,43,40,1
374,374,3,0,0,0,13,43,41,1
375,375,3,15,0,0,15,43,41,1
376,376,3,30,0,0,4,43,41,1
377,377,0,4,1,0,4,38,42,1
378,378,0,15,0,0,15,41,42,1
379,379,3,21,0,0,17,43,42,1
380,380,2,3,1,0,3,39,43,1
381,381,2,0,1,0,3,39,43,1
382,382,1,5,1,0,26,41,43,1
383,383,3,15,0,0,1,43,42,1
384,384,1,4,1,0,6,41,42,1
385,385,1,15,1,0,1,42,43,1
386,386,0,3,1,0,13,42,43,1
387,387,1,2,0,0,2,41,42,1
388,388,3,14,0,0,14,43,41,1
389,389,1,4,1,0,13,42,43,1
390,390,2,3,1,0,36,42,43,1
391,391,0,23,1,0,11,34,40,1
392,392,0,16,0,0,16,40,41,1
393,393,0,23,1,0,1,34,36,1
394,394,0,16,0,0,16,23,42,1
395,395,2,26,2,6,13,38,42,1
396,396,3,17,0,0,17,43,41,1
397,397,3,27,0,0,6,43,40,1
398,398,3,21,0,0,3,43,41,1
399,399,0,22,1,0,14,42,43,1
400,400,1,4,0,0,4,41,42,1
401,401,3,24,0,0,8,43,42,1
402,402,3,14,0,0,14,43,39,1
403,403,2,2,0,0,2,38,42,1
404,404,3,24,0,0,15,43,42,1
405,405,3,15,0,0,35,43,42,1
406,406,3,14,0,0,17,43,42,1
407,407,1,1,0,0,1,39,40,1
408,408,1,8,0,0,8,41,42,1
409,409,1,2,0,0,2,34,35,1
410,410,4,7,0,0,7,40,41,1
411,411,0,4,1,0,15,41,42,1
412,412,1,6,1,0,14,41,43,1
413,413,0,7,1,0,18,40,43,1
414,414,3,15,0,0,0,43,42,1
415,415,0,15,1,0,33,36,42,1
416,416,2,6,1,0,11,42,43,1
417,417,3,34,0,0,14,43,42,1
418,418,2,7,1,0,24,38,43,1
419,419,1,4,0,0,4,41,42,1
420,420,4,7,0,0,7,40,41,1
421,421,2,3,1,0,3,39,43,1
422,422,4,9,0,0,9,40,41,1
423,423,0,16,0,0,16,40,41,1
424,424,3,21,0,0,22,43,41,1
425,425,3,14,0,0,14,43,42,1
426,426,1,33,2,3,15,42,43,1
427,427,3,21,0,0,9,43,42,1
428,428,4,4,0,0,4,20,40,1
429,429,0,9,1,0,11,40,43,1
430,430,0,17,1,0,8,40,43,1
431,431,3,17,0,0,14,43,42,1
432,432,3,18,0,0,2,43,42,1
433,433,1,2,0,0,2,38,39,1
434,434,3,14,0,0,8,43,39,1
435,435,4,8,0,0,8,40,41,1
436,436,4,24,0,0,24,40,41,1
437,437,2,4,1,0,4,42,43,1
438,438,3,33,0,0,6,43,42,1
439,439,1,14,0,0,14,41,42,1
440,440,2,33,2,10,4,42,43,1
441,441,0,27,1,0,14,34,35,1
442,442,2,26,2,20,4,42,43,1
443,443,0,27,1,0,20,41,42,1
444,444,0,10,1,0,24,41,43,1
445,445,3,15,0,0,7,43,41,1
446,446,3,21,0,0,13,43,35,1
447,447,2,26,2,6,3,42,43,1
448,448,1,4,1,0,1,41,42,1
449,449,3,21,0,0,17,43,38,1
450,450,1,4,1,0,15,31,43,1
451,451,3,14,0,0,14,43,40,1
452,452,0,13,1,0,16,41,43,1
453,453,1,18,2,3,2,41,43,1
454,454,1,3,1,0,14,42,43,1
455,455,3,30,0,0,3,43,35,1
456,456,0,3,1,0,26,41,43,1
457,457,2,9,1,0,8,42,43,1
458,458,3,21,0,0,15,43,38,1
459,459,1,1,0,0,1,35,36,1
460,460,0,4,1,0,9,40,42,1
461,461,3,14,0,0,14,43,41,1
462,462,1,14,1,0,8,39,43,1
463,463,0,5,1,0,31,22,36,1
464,464,3,21,0,0,26,43,34,1
465,465,2,7,1,0,4,42,43,1
466,466,3,0,0,0,29,43,42,1
467,467,2,4,1,0,18,42,43,1
468,468,0,30,1,0,4,34,36,1
469,469,4,12,0,0,12,36,40,1
470,470,3,29,0,0,36,43,40,1
471,471,2,0,0,0,0,19,42,1
472,472,2,26,2,28,7,42,43,1
473,473,1,7,1,0,0,30,43,1
474,474,2,4,1,0,13,42,43,1
475,475,0,3,1,0,21,36,40,1
476,476,1,18,2,16,1,37,42,1
477,477,0,30,1,0,1,37,38,1
478,478,0,3,1,0,10,39,42,1
479,479,3,26,2,22,4,39,43,1
480,480,3,29,0,0,35,43,42,1
481,481,3,29,0,0,7,43,40,1
482,482,1,2,0,0,2,35,36,1
483,483,0,22,1,0,17,19,28,1
484,484,0,4,0,0,4,40,42,1
485,485,0,22,1,0,3,33,36,1
486,486,2,9,1,0,9,42,43,1
487,487,0,4,0,0,4,40,42,1
488,488,0,22,1,0,12,21,29,1
489,489,0,3,1,0,24,19,34,1
490,490,2,23,1,0,1,42,43,1
491,491,0,34,1,0,17,41,43,1
492,492,0,5,1,0,32,28,29,1
493,493,3,26,2,21,8,39,43,1
494,494,0,33,1,0,21,35,36,1
495,495,0,5,1,0,4,35,37,1
496,496,3,15,0,0,20,43,42,1
497,497,3,31,0,0,16,43,40,1
498,498,0,22,1,0,22,-1,27,1
499,499,1,25,0,0,25,37,42,1
500,500,2,7,1,0,9,42,43,1
501,501,2,9,1,0,14,42,43,1
502,502,0,30,1,0,24,23,34,1
503,503,3,29,0,0,9,43,42,1
504,504,3,13,0,0,10,43,42,1
505,505,3,34,0,0,17,43,40,1
506,506,3,13,0,0,7,43,42,1
507,507,2,6,1,0,32,42,43,1
508,508,3,22,0,0,24,43,41,1
509,509,1,26,2,7,14,37,41,1
510,510,0,22,1,0,24,40,42,1
511,511,4,14,0,0,14,37,41,1
512,512,3,29,0,0,11,43,42,1
513,513,3,4,1,0,15,39,43,1
514,514,1,26,2,1,14,37,41,1
515,515,0,22,1,0,14,-1,31,1
516,516,1,1,0,0,1,21,34,1
517,517,3,18,0,0,18,43,41,1
518,518,2,26,2,17,9,-1,43,1
519,519,0,8,0,0,8,40,41,1
520,520,1,26,2,16,14,37,42,1
521,521,4,4,0,0,4,40,41,1
522,522,3,13,0,0,13,43,42,1
523,523,3,14,0,0,14,-1,38,1
524,524,3,15,0,0,9,43,42,1
525,525,0,7,1,0,2,39,41,1
526,526,0,3,1,0,22,35,40,1
527,527,0,22,1,0,12,32,33,1
528,528,1,18,2,14,2,37,42,1
529,529,2,14,1,0,14,34,43,1
530,530,0,5,0,0,5,40,42,1
531,531,3,14,0,0,8,43,40,1
532,532,2,9,1,0,21,39,43,1
533,533,0,14,0,0,14,23,40,1
534,534,2,4,1,0,26,42,43,1
535,535,1,17,0,0,17,41,42,1
536,536,0,15,1,0,15,40,42,1
537,537,4,14,0,0,14,36,40,1
538,538,0,15,1,0,32,40,41,1
539,539,0,14,1,0,21,38,42,1
540,540,3,28,2,43,1,-1,43,1
541,541,2,14,1,0,8,42,43,1
542,542,0,30,1,0,15,28,33,1
543,543,0,15,1,0,4,18,42,1
544,544,0,15,1,0,25,41,42,1
545,545,2,33,2,25,26,42,43,1
546,546,1,2,0,0,2,37,38,1
547,547,0,10,1,0,14,42,43,1
548,548,1,6,0,0,6,37,42,1
549,549,2,9,1,0,17,42,43,1
550,550,2,10,1,0,11,42,43,1
551,551,0,22,1,0,22,37,42,1
552,552,0,22,1,0,17,32,34,1
553,553,0,21,1,0,7,39,43,1
554,554,3,22,0,0,1,43,42,1
555,555,0,23,1,0,4,30,31,1
556,556,0,15,1,0,2,40,42,1
557,557,1,2,0,0,2,36,37,1
558,558,0,23,1,0,1,-1,35,1
559,559,1,33,2,4,33,41,42,1
560,560,0,29,1,0,35,42,43,1
561,561,3,16,0,0,16,43,41,1
562,562,0,7,1,0,12,40,42,1
563,563,4,31,0,0,31,21,40,1
564,564,1,14,1,0,8,38,42,1
565,565,0,16,0,0,16,19,42,1
566,566,3,34,0,0,12,43,41,1
567,567,3,34,0,0,17,43,42,1
568,568,1,1,0,0,1,37,38,1
569,569,0,8,0,0,8,37,41,1
570,570,3,14,0,0,14,39,41,1
571,571,0,18,1,0,15,37,40,1
572,572,2,26,2,1,29,37,43,1
573,573,0,7,1,0,2,40,42,1
574,574,0,5,1,0,6,41,43,1
575,575,0,6,1,0,15,19,43,1
576,576,4,15,0,0,15,36,41,1
577,577,1,1,0,0,1,30,34,1
578,578,3,11,0,0,0,43,39,1
579,579,0,23,1,0,15,21,38,1
580,580,2,9,1,0,26,42,43,1
581,581,1,12,1,0,8,42,43,1
582,582,1,3,0,0,3,41,42,1
583,583,2,4,1,0,33,38,43,1
584,584,0,27,1,0,4,-1,40,1
585,585,0,7,1,0,1,40,42,1
586,586,4,7,0,0,7,40,41,1
587,587,0,3,1,0,9,41,43,1
588,588,0,30,1,0,27,37,39,1
589,589,0,18,1,0,35,40,41,1
590,590,2,7,1,0,33,42,43,1
591,591,2,11,1,0,32,42,43,1
592,592,2,7,1,0,28,42,43,1
593,593,0,12,1,0,12,41,43,1
594,594,3,22,0,0,14,43,40,1
595,595,0,13,1,0,33,42,43,1
596,596,1,2,0,0,2,35,39,1
597,597,0,34,1,0,17,40,42,1
598,598,0,15,1,0,35,41,43,1
599,599,3,24,0,0,15,43,30,1
600,600,2,28,2,37,4,42,43,1
601,601,0,33,1,0,13,35,37,1
602,602,3,17,0,0,17,43,42,1
603,603,3,17,0,0,17,43,41,1
604,604,3,22,0,0,33,43,40,1
605,605,0,11,1,0,33,41,43,1
606,606,0,5,1,0,35,23,34,1
607,607,3,29,0,0,29,39,41,1
608,608,1,14,0,0,14,37,42,1
609,609,0,9,1,0,29,20,43,1
610,610,2,11,2,15,9,42,43,1
611,611,1,33,2,11,10,41,42,1
612,612,0,12,1,0,17,41,43,1
613,613,0,24,1,0,11,30,32,1
614,614,4,16,0,0,16,23,41,1
615,615,3,34,0,0,12,43,42,1
616,616,1,26,2,8,7,37,42,1
617,617,2,33,2,0,11,42,43,1
618,618,2,12,1,0,14,42,43,1
619,619,0,33,1,0,0,37,38,1
620,620,0,23,1,0,13,38,39,1
621,621,1,2,0,0,2,20,33,1
622,622,2,26,2,3,12,42,43,1
623,623,1,9,0,0,9,41,42,1
624,624,0,24,1,0,13,33,36,1
625,625,0,14,0,0,14,40,41,1
626,626,1,28,2,3,16,41,42,1
627,627,0,4,1,0,20,42,43,1
628,628,0,24,1,0,13,19,33,1
629,629,1,16,0,0,16,39,41,1
630,630,0,15,1,0,25,32,42,1
631,631,2,15,2,19,15,-1,42,1
632,632,0,33,1,0,17,37,38,1
633,633,2,33,2,3,13,42,43,1
634,634,2,12,1,0,14,42,43,1
635,635,0,22,1,0,35,34,36,1
636,636,0,35,1,0,14,42,43,1
637,637,3,14,0,0,14,36,40,1
638,638,3,34,0,0,32,43,38,1
639,639,0,24,1,0,31,33,34,1
640,640,3,34,0,0,9,43,42,1
641,641,0,26,0,0,26,41,42,1
642,642,0,20,0,0,20,40,41,1
643,643,1,33,2,13,21,42,43,1
644,644,0,23,1,0,4,36,43,1
645,645,0,24,1,0,26,20,31,1
646,646,1,20,1,0,32,41,42,1
647,647,0,7,1,0,7,35,43,1
648,648,0,4,1,0,3,40,41,1
649,649,3,23,0,0,1,43,42,1
650,650,0,13,1,0,35,41,43,1
651,651,0,5,1,0,29,32,36,1
652,652,0,5,1,0,23,36,38,1
653,653,2,26,2,28,14,42,43,1
654,654,0,30,1,0,33,31,32,1
655,655,0,30,1,0,16,41,42,1
656,656,0,10,1,0,36,31,33,1
657,657,1,16,0,0,16,41,42,1
658,658,0,4,1,0,11,18,35,1
659,659,0,11,1,0,0,41,42,1
660,660,2,3,0,0,3,37,41,1
661,661,0,24,1,0,26,37,42,1
662,662,3,24,0,0,35,43,31,1
663,663,0,23,1,0,20,-1,39,1
664,664,2,16,0,0,16,21,33,1
665,665,0,9,1,0,3,32,41,1
666,666,1,26,2,3,14,41,42,1
667,667,0,5,1,0,29,21,35,1
668,668,3,22,0,0,24,43,41,1
669,669,0,5,1,0,23,37,42,1
670,670,1,7,0,0,7,-1,39,1
671,671,1,16,0,0,16,20,33,1
672,672,0,15,1,0,15,37,43,1
673,673,0,25,1,0,4,21,43,1
674,674,3,14,0,0,8,43,39,1
675,675,1,33,2,2,33,36,43,1
676,676,0,5,1,0,1,37,38,1
677,677,0,9,1,0,12,21,36,1
678,678,0,12,1,0,14,22,41,1
679,679,0,9,1,0,11,40,42,1
680,680,0,12,1,0,17,29,43,1
681,681,0,25,1,0,24,42,43,1
682,682,2,0,1,0,30,42,43,1
683,683,2,16,0,0,16,19,35,1
684,684,0,5,1,0,22,30,32,1
685,685,0,2,0,0,2,40,41,1
686,686,1,2,0,0,2,38,39,1
687,687,0,11,1,0,32,40,42,1
688,688,0,22,1,0,29,19,28,1
689,689,0,24,1,0,3,39,41,1
690,690,0,29,1,0,35,37,38,1
691,691,0,9,1,0,0,39,40,1
692,692,1,16,0,0,16,21,29,1
693,693,1,9,1,0,9,34,43,1
694,694,0,16,0,0,16,22,37,1
695,695,0,29,1,0,13,20,30,1
696,696,1,18,2,4,21,41,43,1
697,697,0,24,1,0,26,38,40,1
698,698,2,26,2,21,9,39,43,1
699,699,1,4,0,0,4,19,34,1
700,700,1,16,0,0,16,22,39,1
701,701,0,13,1,0,35,41,43,1
702,702,1,26,2,1,3,41,43,1
703,703,1,26,2,4,8,42,43,1
704,704,3,23,0,0,20,43,40,1
705,705,0,22,1,0,22,21,40,1
706,706,0,29,1,0,7,21,34,1
707,707,0,4,0,0,4,19,38,1
708,708,3,0,0,0,15,43,42,1
709,709,0,29,1,0,21,19,33,1
710,710,0,29,1,0,26,19,36,1
711,711,0,20,0,0,20,21,41,1
712,712,2,9,1,0,14,39,43,1
713,713,2,26,2,20,17,42,43,1
714,714,3,12,1,0,14,42,43,1
715,715,0,24,1,0,9,-1,36,1
716,716,0,10,1,0,11,-1,34,1
717,717,0,34,1,0,17,-1,36,1
718,718,0,34,1,0,8,20,41,1
719,719,4,35,0,0,35,20,40,1
720,720,0,7,0,0,7,-1,41,1
721,721,1,26,2,3,13,-1,42,1
722,722,4,12,1,0,14,23,43,1
723,723,0,29,1,0,31,32,36,1
724,724,0,15,1,0,31,35,36,1
725,725,0,34,1,0,34,19,30,1
